 146.0000  16.3410  65.0000 
 139.0000   9.0870  68.0000 
 207.0000  32.9430  78.0000 
 173.0000  24.6110  77.0000 
 147.0000  14.0520  85.0000 
 135.0000  14.2670  60.0000 
 164.0000  19.7350  65.0000 
 146.0000  13.8540  62.0000 
 141.0000  12.8550  73.0000 
 168.0000  18.7230  81.0000 
  81.0000  11.2780  81.0000 
  81.0000   7.3790 114.0000 
  31.0000   4.3030  66.0000 
  32.0000   4.1780  67.0000 
 104.0000  10.0560  75.0000 
  58.0000   5.6700  84.0000 
  97.0000  10.2740  97.0000 
 114.0000  11.5150  89.0000 
  38.0000   6.2300 100.0000 
  55.0000   6.6030  81.0000 
  97.0000   5.6100  58.0000 
  90.0000   5.9810  53.0000 
  84.0000   5.1320  54.0000 
  71.0000   3.8860  44.0000 
 112.0000   8.2720  73.0000 
  81.0000   5.0530  55.0000 
 100.0000   7.7750  63.0000 
  97.0000   6.6760  54.0000 
  88.0000   5.8890  61.0000 
  76.0000   4.8550  43.0000 
  28.0000   4.2600 141.0000 
  38.0000   5.7270  97.0000 
  38.0000   5.1100  96.0000 
  20.0000   3.4510  85.0000 
  55.0000   3.6200  88.0000 
  19.0000   2.2790  54.0000 
  42.0000   3.0320  75.0000 
  59.0000   2.8610 106.0000 
  39.0000   5.3820 117.0000 
  29.0000   1.9000  57.0000 
